 Umatrix File for the ADGA code : band,band,band,band,Uvalue
         1         1         1         1     5.00000000
         1         1         1         2     0.00000000
         1         1         1         3     0.00000000
         1         1         2         1     0.00000000
         1         1         2         2     0.75000000
         1         1         2         3     0.00000000
         1         1         3         1     0.00000000
         1         1         3         2     0.00000000
         1         1         3         3     0.75000000
         1         2         1         1     0.00000000
         1         2         1         2     3.50000000
         1         2         1         3     0.00000000
         1         2         2         1     0.75000000
         1         2         2         2     0.00000000
         1         2         2         3     0.00000000
         1         2         3         1     0.00000000
         1         2         3         2     0.00000000
         1         2         3         3     0.00000000
         1         3         1         1     0.00000000
         1         3         1         2     0.00000000
         1         3         1         3     3.50000000
         1         3         2         1     0.00000000
         1         3         2         2     0.00000000
         1         3         2         3     0.00000000
         1         3         3         1     0.75000000
         1         3         3         2     0.00000000
         1         3         3         3     0.00000000
         2         1         1         1     0.00000000
         2         1         1         2     0.75000000
         2         1         1         3     0.00000000
         2         1         2         1     3.50000000
         2         1         2         2     0.00000000
         2         1         2         3     0.00000000
         2         1         3         1     0.00000000
         2         1         3         2     0.00000000
         2         1         3         3     0.00000000
         2         2         1         1     0.75000000
         2         2         1         2     0.00000000
         2         2         1         3     0.00000000
         2         2         2         1     0.00000000
         2         2         2         2     5.00000000
         2         2         2         3     0.00000000
         2         2         3         1     0.00000000
         2         2         3         2     0.00000000
         2         2         3         3     0.75000000
         2         3         1         1     0.00000000
         2         3         1         2     0.00000000
         2         3         1         3     0.00000000
         2         3         2         1     0.00000000
         2         3         2         2     0.00000000
         2         3         2         3     3.50000000
         2         3         3         1     0.00000000
         2         3         3         2     0.75000000
         2         3         3         3     0.00000000
         3         1         1         1     0.00000000
         3         1         1         2     0.00000000
         3         1         1         3     0.75000000
         3         1         2         1     0.00000000
         3         1         2         2     0.00000000
         3         1         2         3     0.00000000
         3         1         3         1     3.50000000
         3         1         3         2     0.00000000
         3         1         3         3     0.00000000
         3         2         1         1     0.00000000
         3         2         1         2     0.00000000
         3         2         1         3     0.00000000
         3         2         2         1     0.00000000
         3         2         2         2     0.00000000
         3         2         2         3     0.75000000
         3         2         3         1     0.00000000
         3         2         3         2     3.50000000
         3         2         3         3     0.00000000
         3         3         1         1     0.75000000
         3         3         1         2     0.00000000
         3         3         1         3     0.00000000
         3         3         2         1     0.00000000
         3         3         2         2     0.75000000
         3         3         2         3     0.00000000
         3         3         3         1     0.00000000
         3         3         3         2     0.00000000
         3         3         3         3     5.00000000
